C This is the test data record used in Marple's spectrum examples.

      SUBROUTINE TESTDATA(X)

      COMPLEX X(64)

          X( 1) = (  1.349839091,  2.011167288)

          X( 2) = ( -2.117270231,  0.817693591)

          X( 3) = ( -1.786421657, -1.291698933)

          X( 4) = (  1.162236333, -1.482598066)

          X( 5) = (  1.641072035,  0.372950256)

          X( 6) = (  0.072213709,  1.828492761)

          X( 7) = ( -1.564284801,  0.824533045)

          X( 8) = ( -1.080565453, -1.869776845)

          X( 9) = (  0.927129090, -1.743406534)

          X(10) = (  1.891979456,  0.972347319)

          X(11) = ( -0.105391249,  1.602209687)

          X(12) = ( -1.618367076,  0.637513280)

          X(13) = ( -0.945704579, -1.079569221)

          X(14) = (  1.135566235, -1.692269921)

          X(15) = (  1.855816245,  0.986030221)

          X(16) = ( -1.032083511,  1.414613724)

          X(17) = ( -1.571600199,  0.089229003)

          X(18) = ( -0.243143231, -1.444692016)

          X(19) = (  0.838980973, -0.985756695)

          X(20) = (  1.516003132,  0.928058863)

          X(21) = (  0.257979959,  1.170676708)

          X(22) = ( -2.057927608,  0.343388647)

          X(23) = ( -0.578682184, -1.441192508)

          X(24) = (  1.584011555, -1.011150956)

          X(25) = (  0.614114344,  1.508176208)

          X(26) = ( -0.710567117,  1.130144477)

          X(27) = ( -1.100205779, -0.584209621)

          X(28) = (  0.150702029, -1.217450142)

          X(29) = (  0.748856127, -0.804411888)

          X(30) = (  0.795235813,  1.114466429)

          X(31) = ( -0.071512341,  1.017092347)

          X(32) = ( -1.732939839, -0.283070654)

          X(33) = (  0.404945314, -0.781708360)

          X(34) = (  1.293794155, -0.352723092)

          X(35) = ( -0.119905084,  0.905150294)

          X(36) = ( -0.522588372,  0.437393665)

          X(37) = ( -0.974838495, -0.670074046)

          X(38) = (  0.275279552, -0.509659231)

          X(39) = (  0.854210198, -0.008278057)

          X(40) = (  0.289598197,  0.506233990)

          X(41) = ( -0.283553183,  0.250371397)

          X(42) = ( -0.359602571, -0.135261074)

          X(43) = (  0.102775671, -0.466086507)

          X(44) = ( -0.009722650,  0.030377999)

          X(45) = (  0.185930878,  0.808869600)

          X(46) = ( -0.243692726, -0.200126961)

          X(47) = ( -0.270986766, -0.460243553)

          X(48) = (  0.399368525,  0.249096692)

          X(49) = ( -0.250714004, -0.362990230)

          X(50) = (  0.419116348, -0.389185309)

          X(51) = ( -0.050458215,  0.702862442)

          X(52) = ( -0.395043731,  0.140808776)

          X(53) = (  0.746575892, -0.126762003)

          X(54) = ( -0.559076190,  0.523169816)

          X(55) = ( -0.344389260, -0.913451135)

          X(56) = (  0.733228028, -0.006237417)

          X(57) = ( -0.480273813,  0.509469569)

          X(58) = (  0.033316225,  0.087501869)

          X(59) = ( -0.321229130, -0.254548967)

          X(60) = ( -0.063007891, -0.499800682)

          X(61) = (  1.239739418, -0.013479125)

          X(62) = (  0.083303742,  0.673984587)

          X(63) = ( -0.762731433,  0.408971250)

          X(64) = ( -0.895898521, -0.364855707)

      RETURN

      END

